35791
15338
32867
59778
59734
51092
53080
51774
42212
14398
26459
51774
834
13462
44422
10402
35532
57796
59809
38382
50266
40140
42493
6577
27572
30340
31785
54251
40472
36110
53234
10728
51449
20565
4970
45647
6121
58050
31885
48333
6912
58344
34572
7746
6270
13458
18148
41802
5719
12422
14648
55985
52562
57141
62563
14598
21945
28812
3313
62418
64923
56547
7610
50836
11577
12580
30947
17698
5094
62832
496
12006
55640
35068
19752
61910
48526
37900
38177
54245
50322
52825
44695
37348
44431
41722
51946
840
4998
55260
63258
4385
46271
5332
55221
57848
17912
20632
10011
23006
17928
10507
35012
8032
45575
54764
4407
28565
27129
42584
17275
11915
29873
61970
49264
8768
38156
35674
9609
43154
25398
7331
47540
6134
12664
37225
63982
30576
57858
8457
53583
10250
18964
23059
18283
64539
12288
22690
27569
39417
65274
44844
51332
29611
41278
35060
38380
13898
5199
47989
57052
30597
55320
39056
36731
2448
10746
35178
33025
3068
43635
21072
13318
62600
44131
31601
61603
56419
54291
23636
30300
54029
2944
16097
18105
44222
51157
56485
58120
56356
38938
49637
21418
28722
23157
58149
31171
33903
27791
64196
36971
5891
19732
50290
2955
63863
16355
64558
54747
5111
22659
19511
59140
25603
35608
11709
4290
21230
2658
62410
12050
41596
46511
33468
4783
4133
26082
35954
38036
53873
34614
9472
59764
54346
59762
62719
52673
10581
61742
41884
15692
18865
61396
9297
44468
31468
21006
48758
52698
23665
45633
64749
65261
26608
32681
4508
30741
58763
40462
3242
47101
9540
12714
41329
63886
6940
38513
51024
17521
34719
27372
33214
53584
23232
42511
32516
54701
63517
15739
41863
21646
61372
41076
21372
22444
8222
25880
53186
1449
807
56428
48550
10347
3606
24344
8698
10546
62857
59722
28067
32040
21558
61281
20088
44791
38256
52604
33956
36238
2807
10283
57884
64179
51360
13720
21088
59582
39601
8738
61031
40408
65166
44046
50755
3236
2854
59453
13782
175
53639
41849
32215
9662
37595
52303
54453
10315
39371
22873
46553
42179
33156
38902
40822
18980
52622
61910
13026
26687
5112
8522
1559
4742
52568
52315
7978
55422
46232
21760
55597
34336
63610
22276
43998
35669
9043
32915
45984
48414
55788
27002
25057
23408
368
344
42389
52990
62254
55415
14142
1831
63937
15701
6573
50969
2480
14552
40855
48713
36312
30916
17513
34386
53192
61511
4519
62235
28890
50504
45114
19142
11970
4635
42550
12338
4979
19403
65328
1698
9283
13934
3529
7684
29636
10102
58654
32116
24654
33973
15293
60967
64890
32806
29817
52546
28781
34337
49246
57671
19305
28824
11277
31275
33459
53828
43613
38439
7695
43405
40137
16978
57340
43666
24663
21440
53768
17781
53556
12887
51754
3314
8318
51108
36120
38135
38119
64902
6936
21829
57037
26241
50653
2779
57516
18576
56607
35593
57015
64302
13463
31616
15745
5267
9746
40408
26707
63515
58189
14727
10866
44407
18041
19184
29980
54162
57319
2563
53528
64256
24392
45029
24961
9509
47808
16942
28085
38879
52535
19565
37646
462
51181
53391
5729
60928
28263
32436
58907
20916
47164
4237
65323
65205
23421
29767
53831
15204
32330
41823
13924
56722
21317
38886
695
3589
55828
28781
42469
42827
48346
14579
43290
33991
2434
49019
29383
30697
15920
22754
51613
63084
26991
51400
62753
50412
15632
51049
81
47962
27336
14005
39149
48653
52891
39844
52243
43183
3089
29176
20475
51435
43755
63765
19891
46189
47248
49274
11350
63168
6493
62963
60716
33484
48827
57934
18361
64459
43447
18442
46886
5247
32447
20499
53901
19803
60343
40608
62986
63433
4248
17925
49332
48003
16154
3687
28656
63403
52962
40006
61035
59455
37433
56216
27403
20724
48614
45764
19648
26525
64206
998
31772
31118
21497
20137
50921
16304
60745
48371
14201
64993
761
63534
47460
16915
1685
10580
14782
54647
50586
10282
48566
22483
962
10434
43208
49576
56198
62856
10565
54869
63854
42337
20451
19815
62475
5836
36119
57684
54207
50321
57142
54968
48319
39066
6348
50004
49647
21130
39116
34697
31412
22146
57181
32374
32580
34853
16414
23243
32173
26979
12576
30491
3781
33027
50306
720
38863
20889
58404
27534
5674
50010
16967
53993
23541
23315
38462
7652
44445
12042
42349
10322
34188
33994
42696
1233
3311
59111
24476
35484
20554
37052
439
24335
4543
50745
25055
43406
6099
17924
5404
11773
2398
22371
231
25939
45686
38693
33591
24596
50735
10405
34918
19387
44399
12078
20620
47711
5653
45096
17659
26208
16612
18099
50543
21155
3308
10063
64561
9407
27987
4430
21181
30385
26801
21412
56325
6952
60105
24380
31548
45304
34785
930
64691
13649
13008
19776
61360
18662
64872
13483
44870
15949
31582
29877
37104
34891
39940
36130
44298
2391
40560
65479
32777
1825
21355
23566
8777
15924
47946
40325
61228
17196
41255
60384
30845
54264
14624
26669
7390
13960
40152
52260
29909
6199
16601
1478
41090
56542
37608
19852
58933
12632
19796
26174
14457
41151
49740
23235
57076
32151
63560
52768
49347
39280
47616
14656
28008
62240
41325
35398
10665
15941
22122
40574
22140
38723
42052
63230
29729
14124
17547
23127
26756
37343
49301
41214
12958
33506
64449
4498
121
62473
57267
49468
36217
39347
64124
64225
36052
39913
34087
46717
55854
56209
21755
12459
29397
63808
10153
59126
12396
27700
16717
39153
65043
483
14831
12466
33989
13744
16964
34110
10681
8695
18042
46899
48043
16630
45588
18559
56543
14140
65276
46861
4813
21495
59320
34210
19767
3938
27801
32164
31638
44518
5781
31146
45001
20612
43612
13454
34356
60576
47564
45037
3736
70
26400
51779
16700
6453
4802
7707
20593
4542
54569
25406
26037
48353
59617
45805
52291
21882
12433
18394
864
18214
49540
45866
38826
27616
59320
7646
22656
41349
52683
26392
41419
13548
12635
58120
20001
17437
291
40594
21979
54860
464
48017
37678
60081
28286
24433
16427
40719
42827
17292
58933
26831
63158
32223
54447
56942
39869
11568
32755
27016
37960
8639
40564
50596
1223
60565
2497
1514
35623
24477
56375
36088
6958
28517
30633
35244
52950
47061
10427
30242
64353
3824
57073
61975
36047
45985
53381
10380
57553
20601
37396
29977
29240
12425
15037
30463
7454
17535
31977
43078
42012
